runs=300
false_alarm_runs=700
threshold_mc=800
duration_s=40.0
fs=100.0
p_fa=0.05
lambda_pfa=2.0
mu_balance=0.5
random_seed=20260621
snr_levels=-30.0,-27.5,-25.0,-22.5,-20.0,-17.5,-15.0
scenario_names=balanced,spatial_noise_skew,weak_single_sensor,source_shadow
runtime_seconds=9763.006614
frequencies_hz=3.999998174,7.999928571,13.000088885,14.000023485
amplitudes=0.019102923,0.024889352,0.010502920,0.040052741
