runs=220
false_alarm_runs=900
threshold_mc=1200
duration_s=40.0
fs=100.0
p_fa=0.01
lambda_pfa=2.0
mu_balance=0.5
random_seed=20260623
snr_levels=-25.0,-20.0,-15.0,-12.0,-10.0,-5.0
scenario_names=balanced,spatial_noise_skew,weak_single_sensor,source_shadow
runtime_seconds=9566.586127
frequencies_hz=3.999998174,7.999928571,13.000088885,14.000023485
amplitudes=0.019102923,0.024889352,0.010502920,0.040052741
